0.422644942998886 0.00976164638996124 3.12554168701172
0.163908421993256 -0.0740262940526009 3.14724612236023
0.639367818832397 -0.307956278324127 3.12624645233154
0.0774152278900146 -0.322070837020874 3.09589433670044
0.349212914705276 0.053491473197937 3.13156318664551
0.605756998062134 -0.321027219295502 3.11163330078125
0.317622870206833 0.0841480791568756 3.13875865936279
0.316191524267197 0.0135471560060978 3.14879417419434
-0.977089881896973 -1.53932857513428 4.88601875305176
-0.93913996219635 -1.50923275947571 4.9779577255249
0.386791884899139 -0.0943268239498138 3.1457052230835
0.660023748874664 -0.314565122127533 3.13579273223877
0.677347183227539 0.220324799418449 3.15753769874573
0.627265989780426 -0.296868741512299 3.11455607414246
0.500461935997009 0.14682149887085 3.13474893569946
0.576551914215088 -0.319076478481293 3.11137962341309
0.631726145744324 -0.352092862129211 3.16311478614807
-1.2739189863205 -1.61814916133881 5.51731586456299
0.408806711435318 -0.0831494927406311 3.12731122970581
0.421505510807037 0.0949379205703735 3.1319887638092
0.420134723186493 0.0904324501752853 3.1278018951416
0.673378109931946 0.369500696659088 3.16773223876953