-0.0941713005304337 -0.419048815965652 0.392222940921783
0.125238701701164 -0.484564751386642 0.931112766265869
0.260831415653229 -0.379320710897446 0.596090972423553
0.0819326937198639 -0.336393356323242 0.264653325080872
0.178069368004799 -0.371276140213013 0.621574282646179
0.0015099011361599 -0.382917165756226 0.327180832624435
0.303245723247528 -0.35996949672699 0.595414459705353
0.0089745931327343 -0.387668967247009 0.279250055551529
0.0164029970765114 -0.40569132566452 0.30508890748024
0.014358326792717 -0.393385052680969 0.326391726732254
-0.447842478752136 -0.307715803384781 1.08399605751038
-0.509742796421051 -0.386590152978897 0.859766006469727
0.201596289873123 -0.480447620153427 1.04682338237762
-0.0441137365996838 -0.415669858455658 0.331308484077454
-0.0406620316207409 -0.417117536067963 0.338068455457687
-0.389918029308319 -0.429975420236588 0.565418004989624
-0.0856069624423981 -0.302256792783737 0.224138021469116
0.190841242671013 -0.429774820804596 0.987246870994568
0.0271307788789272 -0.365847051143646 0.212668657302856
0.147220313549042 -0.484211415052414 0.920802712440491
0.06596639752388 -0.35272291302681 0.347686141729355
0.393840163946152 -0.340821295976639 1.38843071460724
-0.465125799179077 -0.430601716041565 0.689635574817657
0.127393826842308 -0.402930408716202 0.935614943504334
0.0229553394019604 -0.359968066215515 0.226640701293945
0.338482826948166 -0.294274747371674 1.36696326732636
-0.491649210453033 -0.422724068164825 0.712326765060425
0.17064668238163 -0.416534513235092 1.00901210308075
0.212644085288048 -0.365627199411392 0.605169773101807
0.362240046262741 -0.411599338054657 0.892352223396301
0.216393023729324 -0.384818196296692 0.46486023068428
0.290250301361084 -0.293119937181473 1.30323898792267
0.222589284181595 -0.381077647209167 0.362475216388702
-0.23507185280323 -0.353737205266953 0.293099969625473
0.434783190488815 -0.432957142591476 1.10594236850739
-0.222155973315239 -0.359430611133575 0.275142252445221
0.0916960537433624 -0.344136834144592 0.353278189897537
0.320832878351212 -0.365022718906403 0.740130841732025
0.0651870369911194 -0.248657077550888 1.08824706077576
0.0688228160142899 -0.361919581890106 0.38587012887001
0.0419236421585083 -0.348016411066055 0.481636792421341
-0.00816942378878593 -0.388671040534973 0.391406118869781
-0.215275660157204 -0.350235879421234 0.252030581235886
0.158351883292198 -0.447126477956772 0.973577737808228
0.316127270460129 -0.351556301116943 1.23963022232056
0.266204237937927 -0.466483503580093 1.02874517440796
0.0482312813401222 -0.330120950937271 0.210091173648834
-0.248575374484062 -0.359121531248093 0.296620786190033
0.0787922888994217 -0.344520300626755 0.37858858704567
0.217829689383507 -0.401944488286972 0.332947790622711
-0.022745031863451 -0.373193562030792 1.1541383266449
0.213451117277145 -0.332538455724716 1.19411146640778
0.117780223488808 -0.318189859390259 0.226169466972351
0.0241302587091923 -0.374501794576645 0.227402329444885
-0.260206133127213 -0.379503399133682 0.255561798810959
-0.236403688788414 -0.37299969792366 0.261779367923737
0.0962275862693787 -0.284606456756592 1.20860707759857
0.0129428431391716 -0.384751617908478 0.315293937921524
0.209415227174759 -0.389367491006851 0.335972666740417
0.114299759268761 -0.33271735906601 0.258407920598984
0.271429151296616 -0.392238557338715 0.60221391916275
-0.124253183603287 -0.321253746747971 0.245107263326645
-0.053241390734911 -0.41332146525383 0.33767181634903
0.0695347338914871 -0.3518385887146 0.303404718637466
0.240327045321465 -0.404240101575851 0.336794137954712
0.241309374570847 -0.383565068244934 0.345910370349884
0.205601438879967 -0.380087733268738 0.341519564390183
0.0277145691215992 -0.277115374803543 1.11842381954193
0.131994396448135 -0.33475387096405 0.24903017282486
0.245409369468689 -0.392737716436386 0.2146817445755
0.256183236837387 -0.397008776664734 0.217032909393311
0.260678499937058 -0.395449101924896 0.257369369268417
0.262093871831894 -0.390698313713074 0.264426559209824
0.273331522941589 -0.388982266187668 1.10388112068176
0.306991785764694 -0.462781399488449 0.98315954208374