-0.12833559513092 -0.160626217722893 0.450782984495163
-0.0448211282491684 -0.167275339365005 0.492387443780899
0.00163397192955017 -0.183445811271667 0.209736257791519
-0.00644251704216003 -0.177914619445801 0.228683724999428
-0.0145678520202637 -0.18124920129776 0.224610611796379
-0.000283733010292053 -0.107969149947166 0.462277382612228
-0.0189154893159866 -0.215901732444763 0.0969396382570267
-0.0310493856668472 -0.21032240986824 0.133696705102921
-0.0556812137365341 -0.182399153709412 0.229215443134308
-0.0744886100292206 -0.226148515939713 0.0865549445152283
-0.155682414770126 -0.122564047574997 0.375306040048599
0.22683185338974 -0.0868251919746399 0.397167146205902
-0.111901462078094 -0.153773903846741 0.469578951597214
0.219857677817345 -0.113948747515678 0.406276285648346
0.118155762553215 -0.20384469628334 0.0609850585460663
0.0979955643415451 -0.121260315179825 0.436431974172592
0.0909374058246613 -0.118583828210831 0.438993483781815
0.055991567671299 -0.185354322195053 0.182565584778786
0.102662906050682 -0.16412940621376 0.434170514345169
0.0521061271429062 -0.184623390436172 0.188302353024483
0.0560647249221802 -0.129897996783257 0.370827913284302
0.0507213026285172 -0.182655215263367 0.195466205477715
0.0463604852557182 -0.201921939849854 0.129525616765022
0.108616545796394 -0.16631692647934 0.431102097034454
0.0423580557107925 -0.205153554677963 0.116709232330322
0.0403175130486488 -0.200914204120636 0.132199242711067
0.0387405976653099 -0.178403824567795 0.210115060210228
0.0297272205352783 -0.176526516675949 0.221221581101418
0.0547225475311279 -0.182005941867828 0.202776595950127
0.0269923955202103 -0.177913665771484 0.216088771820068
0.0517644286155701 -0.187345027923584 0.185926124453545
0.0467232540249825 -0.205925077199936 0.110089674592018
0.0212070792913437 -0.176665276288986 0.224902376532555
0.0203469395637512 -0.189552068710327 0.182598769664764
0.0766483321785927 -0.132114589214325 0.369599670171738
0.0449957326054573 -0.164809346199036 0.261983960866928
0.0426140874624252 -0.205558955669403 0.122410923242569
0.0422073900699615 -0.166939407587051 0.250167459249496
0.0135108083486557 -0.118975594639778 0.461088508367538
0.0146429240703583 -0.187602937221527 0.187016621232033
0.0135895907878876 -0.204179495573044 0.133868128061295
0.0382409915328026 -0.178051829338074 0.215229451656342
0.00423960387706757 -0.117729887366295 0.461415469646454
0.00366270542144775 -0.199475139379501 0.153770998120308
-0.00020521879196167 -0.179715782403946 0.223786145448685
0.0720414444804192 -0.164358168840408 0.277125149965286
-0.00103561580181122 -0.189103722572327 0.195417389273643
-0.00384490191936493 -0.199229627847672 0.15120105445385
0.0225902944803238 -0.179111868143082 0.215988487005234
-0.00836412608623505 -0.203743904829025 0.133248701691628
0.0166791975498199 -0.199434399604797 0.139059543609619
0.067130833864212 -0.172865003347397 0.269359230995178
0.00791232287883759 -0.12276329100132 0.461515009403229
-0.0133430510759354 -0.186416923999786 0.203389748930931
-0.0139225870370865 -0.199920505285263 0.151909202337265
-0.0126694887876511 -0.215401649475098 0.0950295031070709
0.11719585955143 -0.161599919199944 0.433102965354919
0.00649990141391754 -0.201389133930206 0.146444767713547
0.0079321563243866 -0.209226280450821 0.111417174339294
0.00215484201908112 -0.179678499698639 0.219585165381432
-0.0480457097291946 -0.174320548772812 0.494120508432388
-0.0299627184867859 -0.18176993727684 0.225305929780006
-0.0314785987138748 -0.191105157136917 0.196421325206757
-0.0302231460809708 -0.206551522016525 0.13631696999073
-0.0467078387737274 -0.149549558758736 0.441360086202621
-0.0332566201686859 -0.187721103429794 0.215600848197937
-0.0370674580335617 -0.203131943941116 0.153486698865891
0.0787394493818283 -0.118657812476158 0.44302099943161
-0.0392923206090927 -0.18739727139473 0.212910175323486
-0.0388183146715164 -0.190849244594574 0.200753778219223
-0.0424583405256271 -0.182117938995361 0.222741305828094
-0.0594822019338608 -0.149707391858101 0.481259793043137
-0.0223158001899719 -0.19210010766983 0.188359290361404
-0.0710510611534119 -0.147558942437172 0.452002853155136
-0.0530650168657303 -0.206913590431213 0.148926734924316
-0.0274246484041214 -0.181322425603867 0.212009727954865
-0.0750459581613541 -0.150977000594139 0.440945714712143
-0.0462818741798401 -0.147357299923897 0.443540066480637
0.0308292061090469 -0.209248155355453 0.10648213326931
-0.0315462797880173 -0.1943239569664 0.190918013453484
-0.08318230509758 -0.124370247125626 0.491028934717178
-0.0568094700574875 -0.154115900397301 0.44254207611084
-0.106624186038971 -0.148323357105255 0.495231419801712
0.0519223511219025 -0.130596488714218 0.369154781103134