3.100994348526 0.712406992912292 10.8343105316162
3.81178069114685 -0.570446014404297 9.61253261566162
5.38677501678467 -1.08330917358398 9.12137985229492
-2.39805579185486 -0.718954920768738 1.46311092376709
-2.25636506080627 -0.786238551139832 1.04333794116974
-2.18180418014526 -0.528729319572449 1.15801668167114
-2.25095272064209 -0.553346872329712 1.14413070678711
-2.18103456497192 -0.745986878871918 1.07073044776917
-2.23221063613892 -0.614782094955444 1.06007850170136
-2.23898029327393 -0.591297268867493 1.10124623775482
-2.31269526481628 -0.926285982131958 1.11874270439148
-2.35173583030701 -0.605786144733429 1.15518569946289
7.36484336853027 0.169913798570633 11.1923332214355
-2.28651094436646 -0.783678889274597 1.38394069671631
-2.33086538314819 -0.801220118999481 1.26411080360413
-2.33933877944946 -0.608257293701172 1.07854914665222
-2.33877205848694 -0.840987384319305 1.39809036254883
-2.2324333190918 -0.60765528678894 1.08508205413818
6.29406929016113 -1.2382071018219 10.6306314468384
2.316899061203 0.628620088100433 10.8659248352051
2.46624112129211 0.956811904907227 10.6293067932129
-2.15600299835205 -0.885628819465637 1.02294981479645
7.90494632720947 0.287931561470032 14.3894729614258
8.50963020324707 0.112330198287964 12.4155578613281
3.36434864997864 0.0893939733505249 6.08645057678223
-2.30513596534729 -0.761666476726532 1.2315399646759
5.58485794067383 0.85338282585144 13.2679357528687
2.44134831428528 0.419623255729675 10.7278842926025
-0.593111753463745 -0.94054126739502 4.16336631774902
1.4719922542572 0.624089896678925 11.0221300125122
-2.303706407547 -0.702022910118103 1.12767446041107
-2.39734935760498 -0.891481280326843 1.51612877845764
5.2201566696167 0.898425817489624 12.0811157226563
2.75906586647034 0.766563594341278 10.7836513519287
11.3466386795044 0.816048145294189 18.0743618011475
-2.37583351135254 -0.67302268743515 1.52283787727356
1.82359671592712 0.302418828010559 9.58170127868652
1.86356902122498 0.222321659326553 10.4174652099609
12.6577272415161 -0.928975343704224 18.3147888183594
12.033935546875 1.36290311813354 16.7281455993652
-2.26379752159119 -0.798035264015198 1.36289525032043
5.55167102813721 1.11366617679596 11.6249742507935
-2.22996091842651 -0.552695155143738 1.12570023536682
-2.24431204795837 -0.696147203445435 1.13640427589417
6.58193492889404 -0.504151105880737 10.6205434799194
8.37422657012939 -0.283964186906815 13.7476816177368
-2.25729322433472 -0.709333956241608 1.13568258285522
9.91554069519043 0.0956014394760132 16.1018905639648
4.5211124420166 -0.0821533203125 10.0486183166504
-2.3134388923645 -0.775953888893127 1.29850292205811
-2.18034839630127 -1.24249637126923 1.15020227432251
1.84351992607117 0.799471974372864 10.665433883667
-2.39554119110107 -0.723561704158783 1.49331998825073
2.63436198234558 -0.268339335918427 5.20044612884521
7.55529308319092 1.67027044296265 10.9953231811523
9.3007869720459 2.14375448226929 13.016131401062
9.15573692321777 -0.168621301651001 13.756443977356
-2.14618539810181 -0.804382860660553 0.992935240268707
9.76063346862793 -1.34055280685425 14.0328884124756
5.43828392028809 -1.24007189273834 9.39219570159912
8.1646556854248 2.16983079910278 13.8188734054565
6.89603805541992 0.831260085105896 12.5934839248657
10.61842918396 0.201427459716797 18.6847686767578
-2.2935094833374 -0.789515018463135 1.2185560464859
4.15013027191162 -0.441652178764343 10.4367074966431
-2.13482236862183 -0.815750539302826 1.05905902385712
2.64818358421326 0.920592308044434 13.8120698928833
16.0925922393799 0.115170776844025 22.7326889038086
1.47811722755432 0.486049234867096 10.9898834228516
0.87217378616333 0.74019593000412 9.87057876586914
4.44563579559326 -0.957699716091156 7.63612461090088
20.0163593292236 -0.215429127216339 24.9438400268555
5.88464069366455 -0.473832488059998 11.1109714508057
5.04758358001709 -0.268541485071182 10.2606630325317
5.07841014862061 1.70286118984222 19.2554149627686
-2.40228199958801 -0.897689819335938 1.47829699516296
7.15889739990234 -0.493258595466614 8.38197422027588