-3.85664463043213 -1.8247264623642 1.72390031814575
-3.54454445838928 -1.88298285007477 1.86630892753601
-3.68283152580261 -1.87425589561462 1.53017544746399
-3.68489599227905 -2.07053852081299 1.98013579845428
-3.94546461105347 -1.76844692230225 1.4115629196167
-3.89559864997864 -1.57255363464355 1.40262985229492
-3.72987079620361 -1.74567091464996 1.38461112976074
-3.78932070732117 -1.52387166023254 0.940558791160584
-3.3329164981842 -1.91187429428101 1.75199019908905
-3.59667468070984 -1.80629861354828 1.45154476165771
-3.59237289428711 -1.80499839782715 1.46437418460846
-3.41973543167114 -1.8554835319519 1.59448909759521
-3.58105993270874 -1.83867275714874 1.83135378360748
-3.42927551269531 -1.83758890628815 1.68402314186096
-3.44402623176575 -1.84636104106903 1.73538386821747
-3.45961666107178 -1.8469820022583 1.71993672847748
-3.44252848625183 -1.85235249996185 1.62744319438934
-3.42919588088989 -1.82873857021332 1.68594062328339
-3.45486760139465 -1.85315239429474 1.6796772480011
-3.35431337356567 -1.89325332641602 1.57185113430023
-3.42353963851929 -1.82829761505127 1.66650485992432
-3.58107781410217 -1.84549689292908 1.52709341049194
-3.44141674041748 -1.85841846466064 1.59030556678772
-3.66375255584717 -1.85927176475525 1.6950945854187
-3.66466045379639 -1.8772349357605 1.56858015060425
-3.36887097358704 -1.86008417606354 1.58077883720398
-3.71714639663696 -1.63601040840149 1.41188383102417
-3.4124116897583 -1.82277381420136 1.52940630912781
-3.46150159835815 -1.8936003446579 1.57522249221802
-3.52481746673584 -1.90371012687683 1.83311080932617
-4.05260896682739 -1.92944204807281 1.68135476112366
-3.58122420310974 -1.64395332336426 1.20818257331848
-3.54736924171448 -1.63037490844727 1.17276763916016
-3.42483305931091 -1.94597434997559 0.720514416694641
-3.47617244720459 -1.84252595901489 1.81050002574921
-3.46255016326904 -1.54927372932434 0.921578884124756
-3.42772030830383 -1.61289799213409 1.07802772521973
-3.49610257148743 -1.61237645149231 1.27091479301453
-3.56365060806274 -1.55313968658447 0.894734025001526
-3.48287034034729 -1.64812302589417 1.26976525783539
-3.57996273040771 -1.5548642873764 0.847211837768555
-3.48648428916931 -1.82802426815033 0.930309534072876
-3.62125468254089 -1.56130433082581 1.0635769367218
-3.71084070205688 -1.53953528404236 1.01919484138489
-3.51274538040161 -1.69739472866058 1.03434228897095
-3.82505941390991 -1.57368218898773 1.49913954734802
-3.49723625183105 -1.6453378200531 1.26981163024902
-3.51808452606201 -1.69669795036316 0.981135785579681
-3.57239174842834 -1.59838283061981 0.529648065567017
-3.45597410202026 -1.88058757781982 1.01371693611145
-3.57240986824036 -1.54716992378235 0.757628083229065
-3.35731649398804 -1.82563650608063 1.40854644775391
-3.3222599029541 -1.82707488536835 1.50328397750854
-3.3614456653595 -1.81143140792847 1.41960942745209
-3.30392122268677 -1.87728106975555 1.46298861503601
-3.33163380622864 -1.91199398040771 1.27016973495483
-3.8755259513855 -1.68730092048645 1.47804737091064
-3.25425696372986 -1.98352098464966 1.6539306640625
-3.26268601417542 -2.00625252723694 1.6766859292984
-3.21356010437012 -2.08111906051636 1.65239429473877
-3.55597376823425 -1.84778797626495 1.33882975578308
-3.42354607582092 -1.91491639614105 1.78044998645782
-3.32088160514832 -1.89604902267456 1.4588942527771
-3.25755620002747 -2.0160391330719 1.6700701713562
-3.36182928085327 -1.82954704761505 1.44356286525726
-3.59315800666809 -1.79137587547302 1.4386887550354
-3.52811050415039 -1.88023376464844 1.25541985034943
-3.6735475063324 -1.87692403793335 1.52138674259186
-3.41591787338257 -1.87524724006653 1.59623003005981
-3.42288589477539 -1.83993649482727 1.68858695030212
-3.3258216381073 -1.85891914367676 1.68778395652771
-3.45875024795532 -1.86075520515442 1.71059584617615
-3.45534706115723 -1.86901021003723 1.66768074035645
-3.25921988487244 -1.87416744232178 1.59835743904114
-3.33886003494263 -1.85762786865234 1.59272301197052
-3.46133947372437 -1.85767209529877 1.72842526435852
-3.38818693161011 -1.88489174842834 1.57087206840515
-3.50186061859131 -1.85537219047546 1.83083975315094
-3.45339679718018 -1.83969485759735 1.79695188999176
-3.46542477607727 -1.87356543540955 1.79274153709412
-3.60116934776306 -1.86725628376007 1.87524735927582
-3.85817527770996 -1.5891135931015 1.44218027591705