-0.0856622159481049 -0.399912536144257 0.394177347421646
-0.0946893095970154 -0.416391283273697 0.388379275798798
0.277055442333221 -0.389057993888855 1.09839522838593
0.310864925384521 -0.461948305368423 0.977291643619537
0.220669314265251 -0.462772399187088 0.986999928951263
0.262289226055145 -0.375661283731461 0.591826558113098
0.0798554420471191 -0.332306265830994 0.261360377073288
0.179008349776268 -0.36794301867485 0.616331994533539
-0.000199537724256516 -0.379552841186523 0.32338148355484
0.0150992274284363 -0.387592524290085 0.302856683731079
0.304007560014725 -0.356362819671631 0.591210961341858
0.00715621188282967 -0.383969724178314 0.275178521871567
0.128744751214981 -0.484467715024948 0.927052080631256
0.0148614570498466 -0.402103364467621 0.301425397396088
0.0127023681998253 -0.390181928873062 0.321943610906601
-0.59083080291748 -0.396268427371979 0.884983956813812
-0.445793122053146 -0.312676787376404 1.0823472738266
-0.507490992546082 -0.389643847942352 0.856540739536285
-0.0452810749411583 -0.412336230278015 0.327364057302475
-0.0412933602929115 -0.413580387830734 0.333543300628662
-0.389298260211945 -0.430402308702469 0.562714815139771
-0.0885219871997833 -0.297776252031326 0.220385074615479
-0.538870453834534 -0.311803460121155 1.16750919818878
0.205689489841461 -0.480461329221725 1.04167103767395
0.194190964102745 -0.429754346609116 0.981769382953644
0.0249893050640821 -0.361436665058136 0.208838820457459
0.150770023465157 -0.483311384916306 0.916476786136627
0.0643215179443359 -0.349165558815002 0.343655824661255
0.398404031991959 -0.341664999723434 1.38380038738251
-0.463892012834549 -0.432975083589554 0.686626255512238
0.0204880628734827 -0.355654835700989 0.222663849592209
0.15552631020546 -0.414132356643677 0.978911101818085
0.342979252338409 -0.294660955667496 1.36340439319611
0.110017471015453 -0.359274297952652 0.57565826177597
0.129839181900024 -0.403262078762054 0.932161748409271
-0.490338653326035 -0.42526376247406 0.710107922554016
0.173698514699936 -0.417686641216278 1.0056973695755
0.213479429483414 -0.362565964460373 0.600676715373993
0.365225911140442 -0.409781366586685 0.887102365493774
0.216741323471069 -0.381039410829544 0.460454851388931
0.294326722621918 -0.294218242168427 1.29920744895935
0.222332179546356 -0.376875221729279 0.358396768569946
-0.236508458852768 -0.350397735834122 0.289679288864136
-0.223912924528122 -0.356440871953964 0.271569103002548
0.0901137441396713 -0.340199440717697 0.34900775551796
0.439925998449326 -0.431489139795303 1.10115718841553
0.322433948516846 -0.362248688936234 0.735250473022461
0.0672319531440735 -0.249147117137909 1.08326089382172
0.0678840801119804 -0.358015656471252 0.38155272603035
0.0416759699583054 -0.344934612512589 0.477252572774887
-0.0094563290476799 -0.385324716567993 0.387652039527893
-0.216943144798279 -0.345908731222153 0.247998595237732
0.16106903553009 -0.4465471804142 0.966944992542267
0.320353388786316 -0.352045685052872 1.23489034175873
0.0450791120529175 -0.325731247663498 0.20613420009613
-0.249905824661255 -0.356221884489059 0.292821317911148
0.270278811454773 -0.466646403074265 1.02647495269775
0.0772084146738052 -0.340509623289108 0.374447613954544
0.217460498213768 -0.397845417261124 0.32917308807373
-0.0191555172204971 -0.375708937644959 1.15239143371582
0.21648596227169 -0.331021726131439 1.18573236465454
0.11548475921154 -0.314129650592804 0.222730547189713
0.0221817996352911 -0.370480298995972 0.22366139292717
0.0260583776980639 -0.372381448745728 0.244653850793839
-0.261953085660934 -0.376304775476456 0.252009063959122
-0.264670163393021 -0.36865571141243 0.27434778213501
-0.0228123888373375 -0.378852218389511 0.357624679803848
0.100696161389351 -0.287012875080109 1.20660626888275
-0.238304972648621 -0.370017021894455 0.258439749479294
0.0115310586988926 -0.380848228931427 0.311075299978256
0.209125116467476 -0.384997755289078 0.331692487001419
0.112609125673771 -0.328574627637863 0.254568994045258
0.272823840379715 -0.388560682535172 0.597158372402191
-0.126595228910446 -0.316716611385345 0.241242319345474
-0.0545152425765991 -0.409476786851883 0.333455801010132
0.46072444319725 -0.45875295996666 1.12071597576141
0.0677843168377876 -0.347967445850372 0.299857378005981
0.240032494068146 -0.399785280227661 0.332304120063782
0.0294278301298618 -0.278347283601761 1.11339604854584
0.240769803524017 -0.378948718309402 0.34157931804657
0.204942315816879 -0.375602900981903 0.337236195802689
0.0982983559370041 -0.313002079725266 0.234874188899994
0.129911929368973 -0.330539405345917 0.245462089776993
0.245069339871407 -0.388482809066772 0.210618048906326
0.255791336297989 -0.392387628555298 0.212739318609238
0.260414928197861 -0.390988171100616 0.253111630678177
0.261599719524384 -0.386128157377243 0.260162472724915
0.379426002502441 -0.376055270433426 1.06672060489655