1.41425144672394 -0.202777549624443 1.17465710639954
1.43171918392181 -0.190313294529915 1.13090908527374
1.49341630935669 -0.183517515659332 1.22942698001862
1.48399925231934 -0.183032363653183 1.11287808418274
1.48182189464569 -0.143120437860489 1.16229045391083
1.49566674232483 -0.13856004178524 1.20527708530426
1.43764615058899 -0.147850334644318 1.24971163272858
1.52604794502258 -0.153131380677223 1.14934980869293
1.55273246765137 -0.174139678478241 1.2538058757782
1.45391893386841 -0.173422530293465 1.12931025028229
1.49980962276459 -0.154313459992409 1.12616693973541
1.55838680267334 -0.132599472999573 1.26550436019897
1.42103457450867 -0.161195054650307 1.21180987358093
1.51654160022736 -0.124752789735794 1.21947026252747
1.52608966827393 -0.156791225075722 1.14462780952454
1.5100337266922 -0.131151154637337 1.20883452892303
1.78888726234436 -0.117468595504761 0.984371423721313
1.50240850448608 -0.187827616930008 1.11441278457642
1.44652342796326 -0.173762321472168 1.12655901908875
1.49567544460297 -0.190147832036018 1.13113653659821
1.46969056129456 -0.190683841705322 1.1496307849884
1.48014771938324 -0.1521897315979 1.16748833656311
1.48787903785706 -0.161348700523376 1.18445611000061
1.48830854892731 -0.160251185297966 1.21974563598633