0.0911314785480499 -0.770453214645386 0.674799680709839
0.134707778692245 -0.675432801246643 0.626039624214172
0.102905005216599 -0.439540922641754 0.734755277633667
0.168895870447159 -0.609032511711121 1.02896225452423
0.20876182615757 -0.535806596279144 0.787430882453918
0.116544038057327 -1.20951533317566 0.828915596008301
0.106752216815948 -1.18934392929077 0.819111585617065
0.169515058398247 -0.614928901195526 1.09393072128296
0.0181668102741241 -0.418369770050049 0.761104047298431
0.188369140028954 -0.571757793426514 1.10554707050323
0.159564360976219 -0.664031565189362 1.1203830242157
0.0853023529052734 -0.737253367900848 0.640444755554199
0.0828886926174164 -0.645708560943604 0.637204468250275
0.0953909456729889 -0.761758804321289 0.664908945560455
-0.00181812047958374 -0.606942057609558 0.588029265403748
0.0766312181949615 -0.715721845626831 0.752922892570496
0.212378397583961 -0.51360547542572 0.774617791175842
0.184234425425529 -0.514255702495575 0.779243111610413
0.114261835813522 -0.512115895748138 0.787868678569794