15.5965776443481 3.82030534744263 3.02418994903564
20.9495754241943 6.11962509155273 4.35534286499023
0.115760862827301 -0.547983646392822 0.597839117050171
18.6294364929199 3.79754638671875 8.33934879302979
0.0271878838539124 -0.556972861289978 0.604791641235352
12.0722427368164 1.98612189292908 6.82510471343994
10.7656221389771 3.24734282493591 7.20893573760986
16.6122970581055 2.77281332015991 8.97757911682129
-0.0166612863540649 -0.521069526672363 0.660681843757629
0.0355926156044006 -0.770270943641663 0.58362340927124
12.7701950073242 3.96483993530273 8.85104370117188
12.3004159927368 3.43178987503052 8.50290298461914
17.8642654418945 4.91335201263428 3.92295145988464
-0.00872468948364258 -0.509839236736298 0.679606556892395
13.0981588363647 3.80972480773926 9.27987575531006
-0.0244060158729553 -0.742656707763672 0.644769906997681
0.0258259177207947 -0.55352771282196 0.708214521408081
20.0897769927979 4.72724771499634 12.6425914764404
-0.0188278555870056 -0.647155463695526 0.692305207252502
11.0908708572388 2.17032861709595 8.94693851470947
10.7242317199707 2.39291453361511 8.03184032440186
0.072340726852417 -0.715762138366699 0.622055768966675
0.0461602807044983 -1.17697823047638 0.785445272922516
16.2385540008545 4.85711860656738 3.807772397995
0.144305169582367 -0.723416686058044 1.04056978225708
-0.053118884563446 -0.547562479972839 0.796064853668213
-0.0946504473686218 -0.515953779220581 0.804502248764038
15.2420282363892 4.00758457183838 3.70189905166626
10.8338670730591 2.91609454154968 8.53679752349854
14.4358005523682 4.64690542221069 3.19818449020386
23.5414123535156 5.86318874359131 7.28996276855469
18.7978954315186 3.22451877593994 9.80595111846924
14.2700166702271 3.57112097740173 4.28031444549561
9.95548725128174 2.0623664855957 6.80410957336426
12.8203573226929 3.18395519256592 3.13969755172729
9.05841827392578 3.18643927574158 7.50954151153564
21.9921340942383 5.18660306930542 9.43017673492432
22.9044303894043 6.02769231796265 7.80351161956787
51.4708061218262 13.2437944412231 12.0295944213867
13.2966337203979 3.80459976196289 4.13560676574707
7.05235815048218 1.43783664703369 4.87912368774414
11.1310195922852 3.15446090698242 7.42935276031494
9.83691310882568 1.77269625663757 2.62061309814453
15.0788335800171 5.06062984466553 3.08272361755371
8.77967739105225 2.55559182167053 2.78923535346985
15.7833814620972 4.16252660751343 4.0714282989502
16.5849742889404 4.72389936447144 5.42254161834717
21.1631813049316 6.51329565048218 5.15688896179199
7.1843843460083 1.4195761680603 3.24397969245911
12.4927959442139 2.21526694297791 8.59730434417725
9.86045360565186 2.32356834411621 4.85298538208008
12.8637704849243 3.56339812278748 3.51974010467529
9.29843711853027 2.74830293655396 7.79527854919434
9.71942138671875 1.31756615638733 5.51877689361572
9.71314430236816 3.51140999794006 6.95222091674805
13.8093490600586 4.67702913284302 9.50654792785645
13.2024745941162 3.77400398254395 3.76259970664978
31.4679775238037 5.62527465820313 18.3448085784912
10.0685606002808 3.29532766342163 7.76233196258545
9.2248363494873 1.8860776424408 7.48204708099365
29.3497447967529 6.69607210159302 8.65721035003662
8.30017566680908 1.94308519363403 3.40453100204468
12.1441078186035 4.81494998931885 9.19564533233643
9.87994289398193 3.20227241516113 3.86391162872314
7.63546848297119 2.67338132858276 3.4006679058075
11.7739601135254 4.27252292633057 6.4400577545166
8.10380840301514 3.27980637550354 6.22181701660156
9.41716384887695 1.51052808761597 3.21729683876038
22.1415557861328 4.24511194229126 4.80335330963135
10.7583837509155 2.88787722587585 3.94259405136108
47.9320182800293 9.48991966247559 26.6003799438477
12.6862363815308 -1.39836263656616 1.75415086746216
10.6634168624878 1.73954153060913 3.14054203033447
6.52858304977417 2.5520327091217 5.64817810058594
11.9233160018921 3.96526622772217 5.77015686035156
11.0153484344482 2.74012494087219 5.25291061401367