18.8829402923584 4.65208530426025 3.57348036766052
18.6414756774902 5.43897581100464 3.92964887619019
11.5577516555786 1.33777177333832 3.10088634490967
13.2604999542236 3.34309005737305 6.20422983169556
18.5732841491699 4.26177024841309 8.54766082763672
0.126015722751617 -0.551175594329834 0.600428819656372
6.25644207000732 1.38176584243774 3.10626029968262
15.3383407592773 3.12335324287415 6.97229290008545
0.0296125411987305 -0.557374715805054 0.604521155357361
0.153825163841248 -0.816426157951355 0.588711977005005
18.8822650909424 4.12682867050171 11.9004392623901
0.0472177863121033 -0.458206653594971 0.692750751972198
14.5275726318359 3.97043704986572 3.27970743179321
-0.0202271342277527 -0.520411372184753 0.658331751823425
12.5199518203735 4.23471260070801 8.72204399108887
0.0423219203948975 -0.772788822650909 0.584996342658997
28.2722663879395 10.3989124298096 18.8815689086914
15.3626041412354 4.80656290054321 10.510064125061
-0.010830283164978 -0.508616626262665 0.677196741104126
8.19830322265625 2.33383202552795 6.09981060028076
-0.02440345287323 -0.742807745933533 0.643707275390625
0.0266996026039124 -0.553131937980652 0.708356142044067
-0.0250967741012573 -0.644641518592834 0.688689768314362
12.8017644882202 3.81159448623657 3.10361909866333
0.0569614768028259 -0.44396698474884 0.76964282989502
12.8020219802856 4.84441709518433 10.083345413208
12.6558885574341 3.26784634590149 9.96113300323486
10.7230052947998 2.07438063621521 8.6798095703125
0.0885805487632751 -0.454713404178619 0.785479187965393
-0.0832718014717102 -0.832395374774933 0.656601905822754
0.0613577961921692 -0.709721267223358 0.618523597717285
0.040682852268219 -1.17397284507751 0.779378056526184
-0.0040012001991272 -0.714471578598022 0.878113389015198
0.145007014274597 -0.719659686088562 1.04273104667664
11.9624042510986 2.95176911354065 2.9526584148407
-0.0620361566543579 -0.543153166770935 0.787749290466309
-0.0176544189453125 -0.643326163291931 0.823487877845764
-0.108880519866943 -0.512129962444305 0.792173683643341
-0.110921382904053 -0.508403956890106 0.785072565078735
-0.0283493995666504 -0.824769616127014 1.13329482078552
28.9694480895996 8.29824542999268 4.51088905334473
16.3195266723633 3.50661873817444 2.50811386108398
29.8223495483398 8.76150226593018 4.95071458816528
27.0962696075439 6.54575109481812 4.57769107818604
19.9045829772949 6.70989751815796 3.92801332473755
8.81949234008789 -0.663491129875183 1.60955786705017
19.7333354949951 5.74368906021118 3.71921348571777
30.6555786132813 8.22069549560547 6.98042106628418
17.4858779907227 5.09894466400146 3.72684955596924
21.8336315155029 6.49121713638306 6.23482370376587
8.7470235824585 2.00170421600342 3.16055369377136
11.5519533157349 3.10457611083984 4.18363571166992
14.5717830657959 3.29783511161804 2.35473942756653
17.5688953399658 5.57122421264648 3.522873878479
20.0416164398193 6.49886178970337 4.27456760406494
11.0821123123169 3.04148650169373 3.09945297241211
17.9628410339355 4.75180768966675 4.57076597213745
17.8552322387695 3.92186212539673 4.89951276779175
9.07672023773193 2.36190557479858 2.81409025192261
10.3617572784424 4.21024370193481 7.7566089630127
15.7195320129395 3.9898509979248 2.26332330703735
23.9017639160156 7.04357528686523 3.6903088092804
27.0762996673584 6.80428695678711 4.05054187774658
49.1841278076172 12.0294322967529 6.31737041473389
13.8634643554688 3.91220140457153 4.61736917495728
24.0100212097168 4.20545291900635 12.3238067626953
16.660961151123 3.73224830627441 8.03766345977783
13.1945018768311 3.75948810577393 3.75697946548462
49.1421051025391 14.3245973587036 28.3033485412598
54.2777442932129 17.1885070800781 8.46475982666016
21.5065803527832 6.97888708114624 5.24393558502197
8.77116870880127 3.12476849555969 6.15458822250366
20.979024887085 3.3777129650116 5.5778660774231
13.2802867889404 2.27970409393311 2.40311694145203
35.9965972900391 13.7021636962891 11.3587818145752
15.9791965484619 5.30246639251709 11.8567800521851
41.4293441772461 10.770562171936 29.6428050994873
26.5491676330566 9.47597885131836 20.4875926971436
14.4407510757446 4.14246606826782 4.45418500900269
17.6494197845459 5.98309373855591 14.4717044830322
85.4695739746094 22.2786598205566 9.64828491210938
6.60471868515015 0.985684275627136 2.3993227481842