0.196497842669487 -0.536150515079498 0.799785554409027
0.0562027394771576 -0.667738437652588 0.639941394329071
-0.0799419954419136 -0.818138003349304 0.647163093090057
0.0765036195516586 -0.471109509468079 0.750996112823486
0.0614054948091507 -0.669373452663422 0.645010650157928
0.179518893361092 -0.508513450622559 0.819082379341125
0.0531297922134399 -0.44713568687439 0.770508706569672
0.0260854810476303 -0.480074942111969 0.718339383602142
0.0105864703655243 -0.473362803459167 0.705621600151062
-0.00818260014057159 -0.581706345081329 0.623385787010193
0.0560315251350403 -0.440811544656754 0.767464101314545
0.0993112474679947 -1.1932270526886 0.817285120487213
0.0115767568349838 -0.576592206954956 0.64718234539032
-0.00196266174316406 -1.14248442649841 0.936881065368652
-0.0365738421678543 -0.534075975418091 0.817406535148621
-0.0616006106138229 -0.648991644382477 0.775673747062683
-0.00727663934230804 -0.698004186153412 1.21617066860199
-0.0821619033813477 -0.705111622810364 0.674736678600311
-0.0133485794067383 -0.467754781246185 0.770169138908386
-0.0427232980728149 -0.570069372653961 0.86500471830368
-0.0562583953142166 -0.781133115291595 0.713055014610291
-0.00992526113986969 -0.576246082782745 0.646522760391235
-0.0196126401424408 -0.514139175415039 0.889495193958282
-0.0366842299699783 -0.718899607658386 0.678992807865143
-0.0614742338657379 -0.672223448753357 0.664676189422607
-0.00271739065647125 -0.547719657421112 0.70357221364975
-0.09537573158741 -0.535581171512604 0.838255941867828