-0.0961209386587143 -0.870464086532593 0.933433949947357
0.138759136199951 -0.615485906600952 1.03360664844513
-0.0180527605116367 -0.538199841976166 0.981118202209473
-0.180280029773712 -0.608952522277832 1.02218627929688
-0.102796956896782 -0.612597525119781 1.03044831752777
0.0738540515303612 -0.72632509469986 0.973301649093628
-0.0201397314667702 -1.28621387481689 1.08938837051392
0.137507557868958 -1.27663254737854 0.769376993179321
0.0681940987706184 -0.614935278892517 1.03817868232727
0.0269644036889076 -0.57806122303009 0.944599628448486
0.0139227360486984 -1.24282145500183 1.18371295928955
-0.043128713965416 -0.654489040374756 0.859638392925262
-0.109871402382851 -0.745510637760162 0.997547626495361
-0.0484299547970295 -0.856088280677795 0.905907332897186
-0.101215481758118 -1.26961719989777 1.16790103912354
0.0458807051181793 -0.641397476196289 1.00564193725586
-0.0255787633359432 -0.656082928180695 0.867245256900787
-0.0341022200882435 -0.522100329399109 0.956844210624695
-0.0338417366147041 -0.674232006072998 0.850828111171722
-0.042075976729393 -1.02386701107025 0.972442150115967
-0.00538673996925354 -1.00597262382507 0.951593160629272
-0.0203262008726597 -0.837579131126404 0.770319938659668
-0.0523537322878838 -1.01174259185791 0.95986270904541
-0.0821490883827209 -0.866160154342651 0.92764139175415
-0.009062260389328 -0.545491695404053 0.91196745634079
0.0381490513682365 -0.857949256896973 0.900127053260803
0.0327756926417351 -0.875146865844727 0.891117930412292
-0.0142878443002701 -0.851851582527161 0.894295454025269
-0.0785510092973709 -0.863029479980469 0.854962766170502
0.0227583199739456 -0.547988414764404 0.990112543106079
0.0391846150159836 -0.86899995803833 0.930070817470551
0.0766519382596016 -0.646174430847168 1.02290511131287
-0.0341740846633911 -0.655227363109589 0.859633028507233
-0.0639980137348175 -0.543183267116547 0.977406859397888
0.0664901807904243 -0.705134391784668 0.995428562164307