-0.138510048389435 -0.719340205192566 1.35762572288513
-0.164774179458618 -0.569685578346252 1.01330029964447
0.0163743495941162 -1.17814791202545 1.10371065139771
-0.180040180683136 -0.721260190010071 1.45050752162933
-0.0852438807487488 -1.24282026290894 1.17112112045288
-0.0616449117660522 -0.561649203300476 0.897590100765228
-0.0248455405235291 -0.605169057846069 0.937497854232788
-0.0546616911888123 -0.725614666938782 0.935924768447876
-0.156814992427826 -0.816830158233643 0.922094225883484
-0.114298462867737 -0.695886850357056 1.4212532043457
8.42515659332275 -1.01634764671326 5.93700695037842
-0.139506638050079 -0.546432197093964 1.01810741424561
-0.0677103400230408 -0.572941482067108 0.879662871360779
-0.102108597755432 -0.717135846614838 1.2448878288269
-0.14140909910202 -0.772148489952087 1.4829249382019
9.60379409790039 0.0384178161621094 7.54550504684448
-0.0666226148605347 -0.568351864814758 1.05433857440948
-0.0706138014793396 -0.629415690898895 0.96195912361145
10.2949953079224 -0.512256860733032 10.4323310852051
-0.0969439148902893 -0.723742961883545 1.37126481533051
-0.115801930427551 -0.735811352729797 1.07260370254517
0.0651941895484924 -0.7269047498703 0.84229701757431
0.01282799243927 -0.514048457145691 0.934134960174561
-0.032247006893158 -1.15539443492889 1.1986528635025
-0.0124263763427734 -0.593519926071167 0.846154808998108
-0.0764673948287964 -0.587495803833008 0.972241640090942
-0.105074822902679 -0.755250692367554 0.862237930297852
0.027433454990387 -0.715120673179626 0.807663202285767
13.3033008575439 0.199536681175232 9.49843978881836
10.0727519989014 -1.10870015621185 7.58792209625244
-0.0944062471389771 -0.89138662815094 0.900561273097992
-0.0525575876235962 -0.5559241771698 1.06925058364868
9.86683177947998 -0.484431564807892 9.77075958251953
-0.0488575100898743 -0.572857022285461 0.87089991569519
-0.00743257999420166 -1.20316743850708 1.0935525894165
-0.0380376577377319 -0.593384385108948 0.914405107498169
-0.0595613121986389 -0.55201518535614 0.917136371135712
8.63493824005127 -1.07023000717163 6.9110312461853
10.1992692947388 -0.684672057628632 10.0312442779541
8.81690216064453 -0.522275328636169 9.37828826904297
-0.119933426380157 -0.736550092697144 1.05434060096741
-0.0224619507789612 -1.23481416702271 1.0486216545105
0.0664414167404175 -0.735946536064148 0.837042510509491
-0.0367044806480408 -0.714570820331573 1.09211468696594
-0.0349941253662109 -0.720735788345337 1.08359575271606