-0.0937194302678108 -0.871075630187988 0.934576153755188
0.132958427071571 -0.618205010890961 1.03050255775452
0.0597207807004452 -0.615178167819977 1.02580451965332
-0.0493044517934322 -0.861372351646423 0.92088782787323
0.038186963647604 -1.29739379882813 1.07575595378876
0.0367779321968555 -0.876559376716614 0.943278670310974
0.0091632567346096 -0.660809636116028 0.86631715297699
0.0188748352229595 -0.743274986743927 0.87580680847168
-0.0712987929582596 -0.544808685779572 0.98767876625061
-0.0929650664329529 -0.578854322433472 0.991036534309387
-0.10228556394577 -0.610944330692291 1.01264119148254
0.301486760377884 -1.29485702514648 0.893652677536011
-0.110060192644596 -0.743002891540527 0.99504566192627
-0.0287009254097939 -1.30254793167114 1.0583747625351
-0.0546713098883629 -0.601991772651672 0.83802855014801
0.0682189017534256 -0.563465237617493 0.990313291549683
0.013169202953577 -0.852982640266418 0.910660862922668
-0.0206662490963936 -0.540095090866089 0.967721700668335
-0.0162133164703846 -0.855280697345734 0.911400079727173
0.0224009044468403 -0.695816576480865 0.856230139732361
-0.112408079206944 -0.567954301834106 1.00964033603668
0.05346305295825 -0.591982007026672 1.03221571445465
0.00479341298341751 -1.25142812728882 1.10504078865051
-0.0837655663490295 -0.870267331600189 0.935075998306274
-0.0911707729101181 -0.756227493286133 0.891118049621582
-0.135457158088684 -0.936222195625305 0.88046669960022
0.0945491790771484 -1.28333151340485 0.946821928024292
0.0166641063988209 -0.562768042087555 0.548707842826843
0.0304829813539982 -0.612439870834351 0.898866295814514
0.00802256539463997 -0.660614967346191 0.866172552108765
-0.106348901987076 -0.762464165687561 0.923609495162964
0.052090909332037 -0.733571887016296 0.842194199562073
0.0527161844074726 -0.843356013298035 0.920761466026306
0.0176412425935268 -0.70752215385437 0.862558245658875
0.035590622574091 -0.872219443321228 0.938003182411194
0.0114777944982052 -0.726516604423523 0.869085073471069
0.0189161412417889 -0.865113794803619 0.901569128036499
0.0758172124624252 -0.751033842563629 0.977305054664612
-0.0429539382457733 -0.698509097099304 0.822232246398926
-0.094908282160759 -0.625236988067627 0.995159506797791
-0.0775130093097687 -0.782013297080994 0.881625890731812
0.0655368119478226 -0.646698474884033 1.03196775913239
-0.035163052380085 -0.657138347625732 0.859918832778931
0.068012073636055 -0.697494387626648 0.97836697101593
-0.0628892406821251 -0.546743035316467 0.968506813049316
-0.179035007953644 -0.61112380027771 1.02051389217377