-0.140676975250244 -0.718425273895264 1.35491573810577
-0.0708600282669067 -0.557527184486389 0.892935037612915
-0.0202572345733643 -0.733056306838989 0.839138746261597
10.5766220092773 -1.19005537033081 7.25051975250244
-0.0568987131118774 -1.16658890247345 1.12264037132263
15.2858467102051 -1.62018990516663 11.5067825317383
-0.0396913290023804 -0.489484697580338 0.909186244010925
14.285587310791 0.200790256261826 10.1999816894531
-0.145636081695557 -0.588378965854645 0.994424819946289
-0.0891095995903015 -0.546374619007111 1.04013955593109
-0.0800308585166931 -0.762955665588379 1.07982277870178
0.0191804766654968 -0.749937057495117 1.12514710426331
-0.0353488326072693 -0.603363871574402 0.934018611907959
12.5201587677002 -0.208009213209152 8.9354772567749
-0.065898597240448 -0.686483383178711 1.09090197086334
-0.165875792503357 -0.757588863372803 1.45090973377228
-0.00852566957473755 -0.728070139884949 0.8304762840271
-0.0744717121124268 -0.73644745349884 0.892701983451843
0.0222420692443848 -1.24350392818451 0.833696484565735
0.194936156272888 -0.782756090164185 0.878037571907043
0.0726079940795898 -0.719531655311584 0.853453755378723
-0.0821455121040344 -0.548916339874268 1.02901780605316
11.3222017288208 -0.708157181739807 11.0669956207275
-0.127474725246429 -0.688753008842468 1.41136109828949
1.55267798900604 -1.19310963153839 1.02028238773346
12.5862894058228 -1.34481739997864 9.30016803741455
-0.102636814117432 -0.710392832756042 0.90479302406311
0.040492832660675 -0.478550642728806 0.986197948455811
8.00613975524902 -0.818144083023071 8.22893619537354
-0.187616229057312 -0.668202996253967 1.36458206176758
5.7435154914856 -1.70990633964539 2.74701714515686
7.14069986343384 -0.840731024742126 4.99004602432251
14.8523082733154 0.0233878791332245 10.6465635299683
25.2989330291748 -0.895676493644714 23.4466991424561
0.0462992787361145 -0.775970458984375 1.26572287082672
-0.165632605552673 -0.567982733249664 1.01587545871735
-0.075225293636322 -0.568317413330078 0.876025378704071
-0.135338842868805 -0.88500189781189 1.35970413684845
-0.112169504165649 -0.764727830886841 0.842092394828796
-0.0334511399269104 -0.59933066368103 0.825527966022491