-0.175242781639099 -0.563918471336365 1.00249350070953
-0.0862205028533936 -0.5672886967659 0.87169885635376
6.8296217918396 -0.890357971191406 5.03622722625732
12.8650894165039 -0.220962062478065 9.16440773010254
15.5039033889771 -1.66983878612518 11.2799301147461
9.22719097137451 -0.464775502681732 8.93001270294189
10.1804084777832 -0.696298003196716 9.88911437988281
6.98209476470947 -0.760314464569092 7.34047842025757
-0.0782721042633057 -0.739675760269165 1.39794790744781
1.04383277893066 -1.31709396839142 0.844114899635315
-0.129072606563568 -0.72662615776062 1.36227762699127
0.0662431716918945 -0.512942314147949 0.947315335273743
0.0856937170028687 -0.806032776832581 0.897865891456604
-0.0442877411842346 -0.675494074821472 0.883540034294128
6.73917388916016 1.23070967197418 3.71496987342834
13.588719367981 -0.160188645124435 9.96951866149902
0.974019050598145 -1.25668203830719 0.772953748703003
0.223386168479919 -0.602977097034454 1.01806008815765
-0.0919819474220276 -0.759091973304749 0.875272393226624
-0.00448894500732422 -1.21214246749878 0.832887053489685
7.33798980712891 -0.591397643089294 6.9915976524353
11.7177658081055 -1.03190994262695 11.1273794174194
-0.0315008759498596 -1.26316702365875 1.11848270893097
-0.000179052352905273 -0.749492645263672 1.45929110050201
-0.128870129585266 -0.569056630134583 1.09075653553009
24.6481513977051 3.95326495170593 11.1072072982788
-0.0601701140403748 -1.21815061569214 1.21525657176971
-0.0306239128112793 -1.21383821964264 1.0367865562439
0.0574108362197876 -0.777945280075073 1.26988971233368
11.043683052063 -0.52946150302887 10.9045057296753
0.0472128391265869 -0.762678861618042 1.16549444198608
10.019232749939 -1.18393564224243 7.86970567703247
8.98139476776123 -0.458658456802368 9.30603790283203