-0.0986448153853416 -0.852451086044312 0.915449798107147
0.124582000076771 -0.606010556221008 1.04250133037567
-0.112625770270824 -0.604121923446655 1.04088926315308
-0.0527311377227306 -1.03205156326294 1.0108562707901
0.0118328034877777 -0.644195973873138 0.847550809383392
0.0601351223886013 -0.605337500572205 1.04763102531433
-0.169379010796547 -0.585994005203247 0.952038824558258
0.0638612657785416 -0.579626679420471 1.11673676967621
-0.0319707095623016 -0.68879634141922 0.949645459651947
-0.106618903577328 -0.715500891208649 1.08591759204865
-0.0625533238053322 -1.01688373088837 0.987338602542877
0.0278849042952061 -0.531481921672821 0.933665573596954
0.0609901286661625 -0.629062652587891 1.03659915924072
0.0665163397789001 -0.679755210876465 0.985157787799835
0.0628270730376244 -0.618621408939362 0.907068192958832
-0.0360317900776863 -0.643709063529968 0.853806793689728
-0.0523452199995518 -0.842660427093506 0.899549782276154
-0.0652424618601799 -0.530915021896362 0.951783955097198
0.0343966670334339 -0.848438024520874 0.907857596874237
-0.0318252593278885 -0.645047187805176 0.859613955020905