-0.165761813521385 -0.258277744054794 0.786867201328278
0.0385338142514229 -0.294163078069687 0.825451195240021
-0.0833420008420944 -0.376883417367935 0.7400723695755
-0.48225936293602 -0.625590682029724 1.12923264503479
0.0702580288052559 -0.415017992258072 0.761076092720032
-0.456580132246017 -0.669438123703003 1.06687784194946
-0.349077492952347 -0.497274428606033 0.882292926311493
-0.0481775440275669 -0.590227603912354 0.860629975795746
0.717879951000214 -0.586011171340942 1.04290807247162
0.175460889935493 -0.547504782676697 0.946300029754639
-0.14657986164093 -0.421001821756363 0.738761186599731
-0.152129828929901 -0.394137889146805 0.732191145420074
-0.0878694653511047 -0.492865473031998 0.752371788024902
0.160507038235664 -0.515317797660828 0.91808819770813
-2.21449184417725 -0.131547838449478 4.62178087234497
-2.38109993934631 -0.306416898965836 3.71084332466125
-0.513451993465424 -0.64800488948822 0.357332974672318
-2.15930318832397 0.0674867033958435 3.81080412864685
-4.62418556213379 -0.284276992082596 6.63690567016602
-0.021074440330267 -0.565258502960205 0.819197595119476
0.0407797768712044 -0.397935539484024 0.755130171775818
-0.113208413124084 -0.3878034055233 0.726964354515076
0.338707536458969 -0.575372815132141 0.969649314880371
0.101282849907875 -0.416201561689377 0.76726096868515
-2.40123057365417 -0.252977341413498 3.80565667152405
0.0821628868579865 -0.446247190237045 0.763275682926178
