0.0531487911939621 -0.647629141807556 0.921429932117462
0.0453589633107185 -0.621042728424072 0.994468569755554
0.0292140133678913 -0.842997670173645 0.901900172233582
-0.0911476910114288 -0.592913389205933 0.945842087268829
-0.0898761823773384 -0.819880485534668 0.86281430721283
-0.0994608029723167 -0.573828816413879 0.957886874675751
-0.0818362161517143 -0.899735510349274 0.943072259426117
-0.177976101636887 -0.582294523715973 0.973507285118103
-0.0182092525064945 -0.926328063011169 0.879884541034698
-0.075605072081089 -0.781840026378632 0.845265924930573
0.0465399026870728 -0.549803018569946 0.97476327419281
0.0267476476728916 -0.859979808330536 0.874622523784637
0.131976068019867 -0.587335407733917 0.989145874977112
-0.0216324105858803 -0.665843069553375 0.857367336750031
-0.098225012421608 -0.614424228668213 0.96753466129303
-0.0265859588980675 -0.676931858062744 0.86834841966629
-0.124418884515762 -0.695130348205566 1.01173293590546
0.0620130077004433 -0.784921050071716 0.952162981033325
-0.092780813574791 -0.731501162052155 0.827657759189606
0.101878896355629 -1.1137957572937 0.820975601673126
0.018647899851203 -0.889517724514008 0.943386435508728
0.00695883156731725 -0.629167079925537 0.817624568939209
-0.0426823757588863 -0.528706073760986 0.918236494064331
0.059515193104744 -0.643733620643616 1.01297664642334
-0.0499543696641922 -0.793736159801483 0.834703803062439
-0.050758820027113 -0.715612888336182 0.814927637577057
-0.0563701279461384 -0.653813719749451 0.781071126461029