0.111685812473297 -0.768358647823334 1.37338936328888
0.0722564458847046 -0.604004502296448 0.895744681358337
0.114195704460144 -0.752089738845825 1.39730834960938
0.0277173519134521 -0.633482754230499 0.942843675613403
0.00807392597198486 -0.730021953582764 0.916363000869751
0.109395802021027 -0.729864001274109 1.41546356678009
0.00853347778320313 -0.601854562759399 1.04799342155457
0.0190755128860474 -0.724373936653137 0.88316810131073
0.106130838394165 -0.738115966320038 1.38333380222321
0.0377025604248047 -0.535003423690796 0.991401195526123
0.167048335075378 -0.598867952823639 1.02184045314789
0.0528609752655029 -0.748963832855225 1.09119307994843
-0.0312888622283936 -0.811059832572937 0.854424238204956
-1.50071585178375 -0.759143173694611 1.03785419464111
0.056196928024292 -0.744028627872467 1.07193100452423
0.0121239423751831 -0.737905979156494 1.1505743265152
-1.61820328235626 -0.951806902885437 1.1780172586441
-1.50942838191986 -0.748322248458862 0.986914396286011
0.0180850028991699 -0.617272615432739 0.957343816757202
0.0815580487251282 -0.766822695732117 1.38120949268341
0.108546197414398 -0.599106788635254 1.02133929729462
0.118378758430481 -1.22443723678589 0.983215689659119
0.0276035070419312 -0.581291556358337 1.08602619171143
0.0259344577789307 -0.529942750930786 0.934784173965454
0.121257364749908 -0.775798499584198 1.42744851112366
-1.66336286067963 -0.933060169219971 1.40391325950623
0.0392123460769653 -0.81154453754425 1.12783181667328
0.108198583126068 -0.722990989685059 0.830758929252625
0.0372992753982544 -0.528218686580658 0.987557053565979
0.117450356483459 -0.703535914421082 0.825474739074707
0.0674764513969421 -0.588280200958252 0.908334374427795