-0.0567013025283813 -0.48158061504364 0.738814353942871
0.139810085296631 -0.413507401943207 0.769904315471649
-1.82207584381104 -0.590535283088684 0.717341899871826
-7.83713388442993 -0.0866302475333214 0.2000692486763
0.332965403795242 -0.544675588607788 0.953165948390961
0.327785044908524 -0.569448947906494 0.956674098968506
0.137266993522644 -0.503374099731445 0.913576662540436
0.139984965324402 -0.444192081689835 0.789839208126068
0.223284602165222 -0.289961040019989 0.933716297149658
-0.0910993218421936 -0.487438499927521 0.734655857086182
-0.095215380191803 -0.404690057039261 0.734120845794678
-0.0462119579315186 -0.376879960298538 0.746729612350464
-9.5960578918457 -0.45937168598175 0.16313648223877
-7.66000986099243 -0.433862060308456 0.122637182474136
0.310600966215134 -0.561588525772095 0.946744561195374
0.0926361083984375 -0.290815770626068 0.912780582904816
-0.102121710777283 -0.241487368941307 0.887602567672729
0.103316962718964 -0.296587467193604 0.812950253486633
-0.0742577314376831 -0.323863983154297 0.762483298778534