5.23673295974731 -0.5317143201828 1.78887987136841
0.0394130945205688 -0.449452370405197 0.668491244316101
-0.0501799583435059 -0.47861310839653 0.572819471359253
-0.0760171413421631 -0.458414942026138 0.549123048782349
-0.145850569009781 -0.523442149162292 0.596853971481323
0.135053992271423 -0.469396859407425 0.509654462337494
5.04950761795044 -0.467742115259171 1.84666121006012
-0.21332061290741 -0.533671736717224 0.594144463539124
-0.0703229308128357 -0.565090298652649 0.402812242507935
-0.186776638031006 -0.386424273252487 0.373270094394684
-0.0217726230621338 -0.201197504997253 0.553481936454773
-0.0897287130355835 -0.465438336133957 0.517612814903259
5.9585657119751 -0.385424822568893 1.71894526481628
5.26340866088867 0.342812895774841 1.58135485649109
0.0239405632019043 -0.483376234769821 0.426765143871307
5.27437686920166 0.292753994464874 1.55866014957428
-0.047994077205658 -0.528854727745056 0.383466124534607
2.02079558372498 -0.516708731651306 1.03986346721649
5.12326955795288 -0.474641114473343 1.61334681510925
0.0584490895271301 -0.453802794218063 0.440792739391327
-0.140401899814606 -0.351123780012131 0.47443962097168
-0.0533351302146912 -0.484660536050797 0.410513997077942
0.0403667688369751 -0.436621993780136 0.707047939300537
1.66467356681824 -0.371312230825424 0.95023775100708
0.0754192471504211 -0.455981224775314 0.480807662010193
0.653950273990631 -0.431639343500137 0.696776509284973
-0.0698966979980469 -0.533223628997803 0.37746673822403
0.553521931171417 -0.524285197257996 0.397863298654556
0.550057113170624 -0.406492501497269 0.747063159942627
0.82877105474472 -0.524507284164429 0.80576753616333
5.77822494506836 -0.363621085882187 2.08843588829041
-0.0372042059898376 -0.326125532388687 0.463878631591797
3.06346368789673 -2.94424414634705 0.954612970352173
-0.0942952036857605 -0.425770491361618 0.672472953796387
-0.0668047666549683 -0.207112848758698 0.514256238937378
-0.310455113649368 -0.532877326011658 0.561335265636444
2.16378736495972 -0.526548027992249 0.828580975532532
1.76201486587524 -0.578777194023132 0.537374556064606
0.330247759819031 0.0127952769398689 0.724507808685303
5.61094331741333 -0.365439146757126 2.06367111206055
0.304947972297668 -0.0850736051797867 0.698990225791931
0.396845281124115 -0.000307515263557434 0.742861866950989
2.36122179031372 0.201670527458191 1.11778044700623
5.57483720779419 -0.368567615747452 1.65920722484589
0.00734084844589233 -0.426912814378738 0.6670081615448
0.287405967712402 -0.0103773921728134 0.713385581970215
0.28829824924469 -0.0992310643196106 0.696583867073059
5.3358907699585 0.465355426073074 1.5917112827301
1.67072510719299 -3.68729424476624 -0.798304438591003
1.34633684158325 -3.67061614990234 -0.858424544334412
1.67513465881348 -3.50478339195251 -0.910924673080444
0.545332610607147 -0.00124393403530121 0.771300077438354
4.05678510665894 -0.566872119903564 1.01502561569214
-0.298989653587341 -0.526903867721558 0.0472561046481133
2.61760568618774 -0.550258874893188 1.14387059211731
-0.0688912272453308 -0.466007798910141 0.511305212974548
0.282964468002319 0.0214688330888748 0.713573336601257
5.71984481811523 -0.528178572654724 1.72703313827515
2.35193991661072 -0.0291967540979385 1.14249491691589
0.194844961166382 -0.0135862231254578 0.691641330718994
6.50891828536987 -3.03038573265076 0.0026925653219223
3.6894428730011 -0.556822419166565 0.994811773300171
1.36385321617126 -0.567344665527344 0.496242225170136
2.14668345451355 -0.476307958364487 0.68914520740509
-0.0803478956222534 -0.386299282312393 0.512600898742676
-0.0941968560218811 -0.388911038637161 0.481900840997696
2.40480160713196 -0.551444053649902 1.11352550983429