-1.55187082290649 -0.527778804302216 0.415963619947433
0.0159327387809753 -0.487158358097076 0.430621206760406
-3.018630027771 -0.551042020320892 0.168921828269959
-3.72816562652588 -0.255462527275085 0.0963079929351807
-2.99303531646729 -0.4893918633461 0.17828942835331
-0.0178704857826233 -0.564696431159973 0.396038144826889
-2.71848177909851 -0.49994683265686 0.236111029982567
0.0653712749481201 -0.500614285469055 0.438873648643494
0.0322387218475342 -0.548914670944214 0.404586404561996
-5.96865940093994 -4.81450414657593 -0.628317713737488
-0.213485658168793 -0.5099937915802 0.468612015247345
-0.0103660821914673 -0.437603116035461 0.687807559967041
-1.60921692848206 -0.53699004650116 0.393694937229156
-1.52876830101013 -0.546461999416351 0.364444404840469
-0.351120114326477 -0.0706021040678024 0.60841429233551
-0.0216621160507202 -0.288549095392227 0.618713974952698
0.016382098197937 -0.218301340937614 0.680932402610779
-0.0162402987480164 -0.385805279016495 0.66853392124176
0.11465185880661 -0.22443912923336 0.694672703742981
0.242154210805893 -0.414626777172089 0.709581792354584
0.0259144306182861 -0.314367324113846 0.465236157178879
-0.0656723976135254 -0.54877382516861 0.262333810329437
-6.3274998664856 -0.695861339569092 -0.414115101099014
-0.023466169834137 -0.438674241304398 0.694775640964508
0.332112222909927 -0.545826494693756 0.331851661205292
0.406269907951355 -0.545658528804779 0.344762980937958
0.382513046264648 -0.551088690757751 0.335519939661026
0.305945008993149 -0.534039258956909 0.337347984313965
0.281752824783325 -0.540260255336761 0.303158402442932
0.296312004327774 -0.53280508518219 0.269388139247894
0.278090834617615 -0.540028870105743 0.315102994441986
0.098005622625351 -0.248618230223656 0.55519437789917
0.359943300485611 -0.546983659267426 0.373250126838684
0.14457893371582 -0.535270810127258 0.240728706121445
-1.55465173721313 -0.459750086069107 0.405875474214554
0.382192611694336 -0.518827795982361 0.422195672988892
-0.0641120672225952 -0.495532959699631 0.266528308391571
-0.0171416401863098 -0.275011032819748 0.672512173652649
-0.60872620344162 -0.527227878570557 0.173757344484329
-0.011823296546936 -0.544729650020599 0.259810209274292
0.384971082210541 -0.547764778137207 0.429491370916367
0.372130572795868 -0.534399449825287 0.349332630634308
-0.55611115694046 -0.0910208523273468 0.583820462226868
-0.435827791690826 -0.528482258319855 0.295322000980377
-0.40247118473053 -0.536025524139404 0.22172637283802
-0.0614633560180664 -0.471123188734055 0.432710558176041
0.355699926614761 -0.520213186740875 0.388075083494186
-0.397365391254425 -0.543749213218689 0.0771040916442871
-0.0648095607757568 -0.474873960018158 0.424195319414139
-5.56397247314453 -0.509649395942688 -0.12755885720253
0.0218167304992676 -0.49452206492424 0.429297268390656
0.0490027666091919 -0.497998297214508 0.433128774166107