0.860893130302429 -1.58652496337891 3.88766622543335
1.38636517524719 -1.64485394954681 5.55673217773438
0.640075743198395 -1.26188123226166 3.12052917480469
0.612462759017944 -1.27185022830963 3.14109039306641
-0.222525388002396 -1.54781365394592 3.29090356826782
-0.288685709238052 -1.59908318519592 3.30482053756714
1.35680794715881 1.18860137462616 6.09821367263794
1.17006456851959 1.05669724941254 5.44812679290771
0.949857532978058 -1.54959297180176 4.34250164031982
1.19384002685547 -1.57485413551331 5.50553512573242
0.65108585357666 -1.32670772075653 3.15252447128296
0.0328593850135803 -1.27843046188354 3.17701244354248
-0.379468888044357 -1.65259480476379 3.35452771186829
0.963125884532928 -1.55600368976593 3.28120827674866
1.13242769241333 -1.60947227478027 4.93344879150391
0.655214488506317 -1.44628989696503 3.1810462474823
0.615782976150513 -1.31553494930267 3.15219736099243
-0.944345235824585 -1.7149543762207 5.37500190734863
1.33341801166534 1.22417104244232 3.70654630661011
0.898901581764221 -1.42216145992279 3.76189708709717
0.636736631393433 0.743722915649414 3.16232204437256
1.07618987560272 -1.2127560377121 5.12716102600098
-0.842691779136658 -1.87958538532257 5.20748424530029
-0.986703276634216 -1.70207846164703 5.10550165176392
1.30438661575317 0.988421082496643 4.45177412033081
1.11841011047363 -1.76167905330658 5.0741081237793
-0.748165488243103 -1.74694883823395 4.80111885070801
-1.09537971019745 -1.49507462978363 5.676109790802
1.17042183876038 -1.59906840324402 3.29424214363098
0.940118670463562 -1.55827963352203 3.25608730316162
0.91692841053009 -1.51801347732544 4.08748006820679
0.91797399520874 -1.58290934562683 3.47518444061279
0.61965137720108 -1.21087110042572 3.09194898605347
0.0697631239891052 -0.332740962505341 3.12704801559448
-0.155943483114243 -1.88054311275482 3.50153684616089
0.0735442936420441 -1.35263895988464 3.12581992149353
0.0570217967033386 -1.35567688941956 3.17612934112549
-0.111996978521347 -1.53729140758514 3.12655735015869
-0.222952038049698 -1.70353376865387 3.54628610610962
-0.194684833288193 -1.45251190662384 3.21660566329956
-0.310596436262131 -1.52428901195526 3.12333726882935
1.75589776039124 0.941727042198181 5.01089668273926
0.997384309768677 -1.58422541618347 3.15731573104858
0.735325336456299 -1.18394148349762 2.82833433151245
0.935835659503937 -1.41945767402649 3.16785645484924
0.612269937992096 -0.331477642059326 3.14499044418335
0.348389148712158 0.0515905804932117 3.15664911270142
0.315691471099854 0.0832715630531311 3.16658592224121
-0.0359337031841278 0.0492567643523216 3.30325603485107
0.421001434326172 0.00771952420473099 3.15770316123962
0.626314997673035 -0.283309519290924 3.11405849456787
0.627457499504089 -0.357563763856888 3.1846969127655
0.0520845353603363 -0.313613653182983 3.16632676124573
0.00740981101989746 -0.383060216903687 3.25996160507202
0.419507741928101 0.0895879045128822 3.14211130142212
0.339995265007019 0.0757584497332573 3.13559675216675
-0.362510949373245 -1.15699899196625 4.11311674118042
1.4089343547821 1.16948080062866 5.07840061187744
0.0785056352615356 -0.29069846868515 3.12738513946533
0.152202099561691 0.0901719778776169 3.19541120529175
0.539255023002625 -0.0819552540779114 3.15113425254822
0.332420587539673 0.0228085853159428 3.23141527175903
0.224688708782196 -0.153628557920456 3.16644358634949
0.639544367790222 -0.303336054086685 3.14472484588623
0.925207614898682 -1.60613763332367 3.67268753051758
0.055842399597168 -1.27625274658203 3.15128922462463
0.0352193117141724 -1.34900057315826 3.19138956069946
0.00844863057136536 -0.347100257873535 3.21241521835327
1.29967677593231 1.16196668148041 5.10800933837891
1.49106073379517 -1.65381801128387 5.73770952224731
1.40347492694855 -1.61842751502991 5.47650241851807
1.44324815273285 -1.56183218955994 5.73235177993774
1.06529664993286 -1.48009777069092 4.83362674713135
1.16767942905426 -1.66567480564117 5.38030099868774
0.637437999248505 -0.324104875326157 3.11522006988525